As we can see,

n = 1
A = 1035
B = 324
C = 232

n = 25
A = 6043
B = 11588
C = 522

n = 50
A = 10510
B = 12399
C = 788

n = 75
A = 15303
B = 27444
C = 857

n = 100
A = 30581
B = 55089
C = 626

Generally, we can observe that C is consistently the fastest. This verifies that is the fastest, with T(n) = O(log(n))
A is faster than B and slower than C, and we can see that the differences between every 25 timings is roughly the same,
suggesting an order of O(N)
B is the slowest, and the rate increases fastest. This verifies our order for C, which is T(n) = O(N^2).


Problem A
0  769
1  1035
2  941
3  1051
4  1240
5  1446
6  1622
7  1785
8  2498
9  3429
10  2647
11  2761
12  3253
13  3277
14  4518
15  4972
16  3849
17  3998
18  4370
19  4517
20  13215
21  4730
22  4989
23  5150
24  5574
25  6043
26  6632
27  6038
28  7096
29  6345
30  6672
31  8147
32  6991
33  7232
34  17535
35  16522
36  16250
37  7916
38  8058
39  10310
40  8482
41  8667
42  10669
43  9193
44  10202
45  9506
46  9699
47  11441
48  10189
49  11332
50  10510
51  10660
52  19335
53  14965
54  25001
55  20321
56  11630
57  20881
58  12055
59  12220
60  12380
61  12549
62  12923
63  14559
64  13989
65  23025
66  13568
67  13702
68  23087
69  14803
70  14347
71  14490
72  24665
73  23678
74  15138
75  15303
76  24579
77  15925
78  18189
79  19675
80  22626
81  29402
82  27391
83  25609
84  17174
85  18632
86  33987
87  17668
88  20224
89  28371
90  19235
91  18432
92  27698
93  21274
94  19043
95  21483
96  29959
97  20520
98  29252
99  20043
100  30581
Problem B
0  212
1  324
2  332
3  426
4  464
5  668
6  675
7  932
8  1035
9  907
10  877
11  990
12  1154
13  1222
14  1366
15  1525
16  1684
17  2350
18  1975
19  2172
20  2420
21  3050
22  2732
23  2992
24  3245
25  11588
26  5058
27  5439
28  4253
29  4470
30  4748
31  5158
32  13008
33  12767
34  5956
35  6240
36  7274
37  7071
38  7341
39  7608
40  8031
41  8747
42  8904
43  9778
44  9540
45  9955
46  19379
47  20370
48  24808
49  11647
50  12399
51  12670
52  15477
53  13448
54  13901
55  23914
56  22560
57  15454
58  15972
59  25522
60  17856
61  27498
62  18075
63  30661
64  21895
65  31541
66  20439
67  35745
68  37686
69  22127
70  33880
71  31289
72  34060
73  38753
74  25272
75  27444
76  42061
77  27310
78  38560
79  38139
80  45134
81  41084
82  41379
83  47488
84  32181
85  43175
86  38752
87  34655
88  46802
89  46763
90  46566
91  49445
92  56295
93  55883
94  50390
95  51752
96  54612
97  61283
98  54112
99  62047
100  55089
Problem C
0  7111
1  232
2  174
3  289
4  436
5  380
6  346
7  355
8  347
9  356
10  307
11  315
12  544
13  494
14  641
15  636
16  515
17  428
18  534
19  444
20  660
21  678
22  502
23  561
24  610
25  522
26  485
27  482
28  1399
29  713
30  582
31  487
32  521
33  499
34  508
35  513
36  537
37  530
38  518
39  501
40  639
41  615
42  649
43  730
44  549
45  488
46  474
47  465
48  725
49  726
50  788
51  865
52  598
53  549
54  582
55  562
56  775
57  700
58  8160
59  746
60  661
61  564
62  577
63  571
64  777
65  682
66  749
67  843
68  655
69  596
70  590
71  539
72  793
73  711
74  861
75  857
76  644
77  572
78  604
79  589
80  561
81  8150
82  604
83  587
84  596
85  720
86  632
87  562
88  609
89  573
90  8533
91  591
92  608
93  619
94  744
95  651
96  7895
97  891
98  669
99  650
100  626